1
1
0
1
1
1
1
0
1
1
1
1
1
1
1
1
1
1
1
2
1
1
1
1
1
1
1
1
0
1
1
1
1
1
1
1
1
1
1
1
1
1
1
1
1
1
1
1
1
1
1
1
1
1
1
1
1
1
1
1
1
1
0
1
1
1
1
1
1
1
0
0
1
1
1
1
0
0
0
0
0
0
1
0
1
1
0
1
1
0
1
1
1
0
0
0
0
0
0
0
0
0
0
0
0
0
0
0
1
0
1
0
0
1
1
0
1
1
0
1
1
0
1
1
0
1
0
0
0
0
1
0
0
0
0
0
0
0
0
0
0
0
0
0
0
0
0
0
0
0
0
0
0
0
0
0
0
0
0
0
0
0
0
0
0
0
0
0
0
0
0
0
0
0
0
0
0
0
0
0
0
0
0
1
0
0
0
0
0
0
0
0
0
0
0
0
0
0
0
0
0
0
0
0
0
0
0
0
1
0
1
1
1
1
1
1
1
1
1
1
1
1
1
1
1
1
1
1
1
1
1
1
1
1
1
1
1
1
1
1
1
1
1
1
1
1
1
1
1
0
0
1
1
1
1
1
0
1
0
1
1
1
1
1
1
1
1
1
1
1
1
1
1
1
1
1
1
1
1
1
1
1
2
1
1
1
1
1
1
0
0
1
0
0
1
0
1
1
1
1
1
1
1
1
1
0
0
0
0
0
0
0
0
0
0
0
0
0
0
0
0
1
0
0
0
0
0
0
0
1
1
0
0
0
0
0
0
0
0
0
0
0
1
0
0
0
0
0
0
0
0
0
0
0
0
0
0
0
1
0
0
0
0
0
0
0
0
0
0
0
0
0
1
0
0
0
0
0
0
0
1
0
0
0
0
0
0
0
0
0
0
0
0
0
0
0
0
0
0
0
0
0
0
0
0
0
0
0
1
0
0
0
0
1
1
1
1
1
1
1
1
0
0
1
1
1
1
1
1
1
1
1
1
1
1
1
1
1
0
1
0
1
1
1
1
2
1
1
1
1
1
1
1
1
1
2
1
1
1
1
1
1
1
1
1
1
1
2
4
1
0
1
1
1
1
1
1
1
1
1
1
1
1
1
1
1
1
1
1
1
1
1
1
1
1
1
1
0
1
1
1
1
1
0
0
1
0
0
0
0
0
0
0
0
0
0
0
0
0
0
0
0
0
0
0
0
0
0
0
0
0
0
0
0
0
0
0
0
0
0
0
0
0
0
0
0
0
0
0
0
1
0
0
1
0
0
0
0
0
0
0
0
0
0
0
1
0
0
0
0
0
0
0
0
0
0
1
0
1
0
0
0
1
1
1
1
1
1
1
1
1
1
1
1
1
1
1
1
1
1
1
1
1
1
1
1
1
1
0
0
1
1
1
1
1
1
0
0
0
0
0
0
0
0
0
0
0
0
0
0
1
0
0
0
0
0
0
0
0
0
0
0
0
0
0
0
0
0
1
0
0
0
0
0
0
0
0
0
0
0
0
0
0
0
0
1
0
0
0
0
0
0
1
0
0
0
0
1
0
0
0
0
0
1
1
1
0
1
1
1
1
1
1
0
1
1
1
1
1
1
1
1
1
1
1
1
1
1
1
1
1
1
1
1
0
1
1
0
1
1
1
1
1
1
1
1
0
0
0
0
0
0
0
0
0
0
0
0
0
0
0
0
0
0
0
0
0
0
0
0
0
0
0
0
0
0
0
0
0
0
0
0
0
0
0
0
0
0
0
0
0
0
0
0
0
0
0
0
0
0
0
0
0
0
0
0
0
0
0
0
0
0
1
0
1
0
0
1
0
1
0
1
1
0
1
1
1
0
1
1
1
1
1
1
1
1
1
1
0
1
1
1
1
1
1
1
1
1
1
1
1
1
1
1
1
1
1
1
0
1
1
0
0
0
0
0
0
0
0
0
0
0
0
0
0
0
0
0
0
0
0
0
0
0
0
0
0
0
0
0
0
0
0
0
0
0
0
0
0
0
0
0
0
0
0
0
0
0
0
0
0
0
0
0
0
0
1
0
0
0
1
0
0
0
0
0
0
0
0
0
0
1
0
0
0
0
1
1
1
1
1
1
1
1
1
1
1
1
1
1
1
1
1
1
1
1
1
1
1
1
1
1
1
1
1
1
1
1
1
1
1
1
1
1
1
0
1
1
1
1
0
0
0
0
0
0
0
0
1
0
1
0
0
0
0
0
0
0
0
0
0
0
0
0
0
0
0
0
0
0
0
0
0
0
1
0
0
0
0
0
0
1
0
0
0
0
0
0
0
0
0
0
0
0
1
0
0
0
0
0
0
0
1
0
0
0
0
0
0
0
0
0
1
0
1
0
0
1
1
1
1
1
1
1
1
1
1
1
0
1
1
1
1
1
1
1
1
1
1
1
1
1
1
1
1
1
1
1
1
0
0
1
1
1
1
1
1
0
1
1
0
0
0
0
0
0
0
0
0
0
0
0
0
0
0
0
0
0
0
0
0
0
0
0
0
0
0
0
0
0
0
0
0
0
0
0
0
0
0
0
0
0
1
0
1
1
1
1
0
2
1
1
0
0
0
0
2
1
1
2
0
1
2
2
1
1
0
0
0
0
1
0
0
1
0
0
1
1
1
1
1
1
1
1
1
1
1
1
0
1
1
1
1
2
1
1
1
2
1
1
1
1
1
1
1
1
1
1
1
1
1
1
1
1
1
1
1
1
1
1
1
1
1
1
1
0
1
1
0
1
2
2
1
1
1
4
1
1
0
0
0
1
0
0
0
0
0
0
0
0
0
0
0
0
0
0
0
2
1
0
1
0
0
0
0
0
0
0
0
0
0
0
0
0
0
0
0
0
1
1
0
0
0
0
0
0
0
0
0
0
1
1
0
0
0
0
0
0
0
0
0
0
2
0
0
1
0
1
1
1
1
1
1
1
1
1
1
1
1
1
1
1
1
1
1
1
1
1
1
1
2
1
0
1
0
1
2
1
3
2
0
1
2
1
1
1
1
1
1
1
1
1
1
0
1
0
0
0
0
0
0
0
1
2
0
0
0
0
0
1
0
0
0
0
0
0
0
0
0
0
0
0
0
0
0
0
0
0
0
0
0
1
0
1
0
0
0
0
3
0
0
0
0
1
1
0
1
0
1
0
1
0
0
0
0
0
0
1
0
0
0
1
1
0
0
0
1
0
1
1
1
1
0
1
0
1
0
1
1
0
0
1
1
1
1
1
1
1
1
1
1
1
1
1
1
1
1
1
1
1
1
1
1
1
1
1
1
1
1
1
1
1
1
1
1
1
1
1
1
1
1
1
1
2
1
1
0
1
2
0
0
0
1
0
0
0
0
0
0
0
0
0
0
1
0
0
0
0
0
0
0
1
0
0
0
0
0
0
0
1
1
0
0
0
1
0
1
0
1
0
0
0
0
1
0
0
0
0
1
0
0
0
1
0
0
0
0
1
0
0
1
0
0
1
0
0
0
2
0
1
0
0
0
0
1
0
0
0
0
1
0
0
0
1
1
1
1
2
0
1
1
1
1
1
1
0
1
1
1
1
1
1
1
1
1
1
1
1
1
1
1
1
1
1
1
1
1
1
1
1
1
0
1
1
1
1
1
1
1
0
2
1
1
1
1
1
1
1
0
0
0
0
0
0
0
1
0
0
0
0
0
0
0
0
0
0
0
0
0
0
0
0
0
0
0
0
0
0
1
0
0
0
1
0
0
0
0
0
0
0
0
0
0
1
0
0
0
0
1
0
0
1
0
0
0
0
0
0
0
0
0
0
0
0
0
0
1
1
0
1
0
0
0
0
2
0
0
1
2
2
1
1
1
1
1
0
2
1
1
3
1
1
1
1
1
1
1
1
1
1
1
1
2
2
2
2
2
2
0
1
1
1
0
1
1
1
1
1
1
1
1
1
1
1
1
1
4
4
3
4
3
4
4
3
4
4
2
3
3
2
2
2
4
3
3
3
2
3
3
3
3
6
3
3
3
3
3
3
3
3
2
2
2
3
2
2
2
3
2
3
3
3
3
3
3
3
3
3
3
3
3
7
3
3
3
3
6
5
3
3
3
3
3
4
7
4
3
2
1
0
0
0
1
0
0
1
0
0
0
0
0
1
1
1
0
1
1
0
1
0
1
2
1
1
1
1
1
1
1
1
1
1
1
1
1
1
1
1
1
0
1
1
1
0
0
0
1
0
0
0
0
0
0
0
0
0
0
0
0
0
1
0
0
0
0
0
0
0
0
0
0
1
0
1
0
0
0
0
0
0
0
0
0
0
0
0
0
0
0
0
0
0
0
0
0
0
0
0
0
0
0
0
0
0
0
0
0
0
0
0
0
0
0
0
0
0
0
0
0
0
0
0
0
0
0
0
0
0
0
0
0
0
0
0
0
0
0
0
1
0
0
1
0
1
0
0
0
0
0
0
0
0
1
1
0
0
0
0
0
0
0
0
0
0
0
0
0
0
0
0
0
0
0
0
0
0
0
0
0
0
0
0
0
0
1
1
0
0
0
1
1
1
0
0
0
1
1
3
0
0
0
0
0
0
1
0
0
0
0
0
0
1
1
1
0
0
0
4
0
1
0
0
0
0
0
0
0
0
0
0
0
0
0
0
0
0
0
0
1
0
0
0
0
0
0
0
0
0
0
0
0
1
0
1
0
0
0
0
0
0
0
0
0
0
0
0
2
1
0
0
1
0
0
0
0
0
0
0
0
0
0
0
1
0
0
0
0
1
0
0
0
0
0
0
0
1
1
1
0
0
0
0
0
1
0
1
0
0
1
1
1
0
1
0
0
1
1
0
1
0
1
1
0
0
0
0
0
0
0
0
0
1
0
0
0
1
0
0
1
1
0
1
1
0
0
1
0
1
1
0
0
0
0
0
0
0
0
0
0
0
0
1
1
1
0
1
1
1
1
0
1
1
1
1
0
0
0
0
1
0
0
0
1
1
1
1
0
1
0
0
1
1
1
1
1
1
0
1
1
0
0
1
0
0
0
0
1
1
1
1
2
1
1
1
2
1
1
1
1
1
1
1
1
1
1
1
1
1
1
1
1
1
0
1
1
1
1
1
1
1
1
1
1
1
1
1
1
1
0
1
1
1
1
2
1
1
1
1
1
1
1
1
1
0
1
0
0
1
1
1
0
1
0
1
1
1
1
1
1
1
1
1
1
1
1
1
1
1
1
1
1
1
1
1
1
1
1
1
1
1
1
1
1
1
1
1
1
1
1
1
1
1
1
1
1
1
1
1
1
1
1
0
1
1
1
1
1
1
1
1
1
1
1
1
1
0
0
1
1
1
1
1
1
1
1
1
1
1
1
1
1
1
1
1
1
1
1
1
1
1
1
1
1
1
1
0
2
1
3
1
1
1
0
1
1
0
0
1
1
1
1
1
1
1
1
1
1
0
1
1
0
1
1
1
1
0
1
1
0
1
1
1
1
1
1
1
1
0
1
1
1
209040809
209042537
209044355
209046146
209047966
209049870
209051509
209053381
209055177
209057057
209058904
209060530
209062708
209064646
209066060
209067873
209069610
209071567
209073352
209075115
209076943
209078563
209080340
209082169
209083978
209085769
209087618
209089358
209091181
209093167
209094746
209096553
209098503
209100175
209101971
209103762
209105507
209107480
209109191
209110954
209112744
209114566
209116367
209118230
209119920
209121728
209123542
209125439
209127226
209128934
209130723
209132548
209134331
209136191
209138133
209139839
209141588
209143467
209145355
209147337
209148844
209150629
209152451
209154772
209157003
209158232
209159775
209161503
209163232
209165000
209166746
209168669
209170360
209172165
209174419
209176084
209177772
209179583
209181314
209183096
209184750
209186605
209188377
209190236
209192288
209193862
209195583
209197384
209199249
209201068
209202889
209204973
209206450
209208230
209210148
209212206
209213581
209215457
209217219
209219546
209220809
209223324
209224605
209226197
209228072
209229782
209231623
209233579
209235360
209237238
209239295
209240829
209242395
209244244
209246472
209248763
209250356
73
57
51
59
102
58
65
65
55
58
58
67
63
68
61
88
71
63
73
59
60
92
55
64
62
61
76
62
79
78
72
92
82
63
65
61
62
65
65
54
104
74
69
52
58
57
92
67
74
63
65
53
58
56
64
91
103
107
73
68
56
81
69
88
75
62
55
46
53
57
65
60
54
66
56
47
47
47
47
53
53
51
59
66
76
46
84
76
191
50
48
46
51
60
53
78
56
48
56
50
61
76
76
53
45
56
56
72
50
52
61
58
54
59
86
68
69
58
54
50
58
96
159
48
53
63
59
64
54
59
53
47
56
56
66
47
52
48
59
47
52
53
46
45
85
71
75
55
67
85
86
73
59
58
56
57
54
68
119
102
146
66
111
61
60
69
58
57
89
56
60
63
60
59
52
64
128
104
57
56
83
55
46
30
37
28
25
39
44
33
28
